City,10%,25%,50%,75%,90%
State-College-PA,3319,3835,4094,4301,4714
San-Jose-CA,4410,5087,5667,6642,7174
Scottsdale-AZ,3916,4127,4442,4758,4968
Mountain-View-CA,5135,5667,6153,6642,7706
Cleveland-OH,3155,3464,3877,4289,4650
Carlsbad-CA,4119,4361,4555,4990,5619
Atlanta-GA,3419,3828,4237,4799,5361
Redmond-WA,4283,5967,6736,7280,7280
Cincinnati-OH,3455,3764,4021,4278,4586
Bloomington-MN,0,3792,4194,4546,0
Longmont-CO,3819,3924,4028,4447,4812
Minneapolis-MN,3642,3943,4295,4747,5250
Broomfield-CO,3297,3401,3767,3976,4708
Lincoln-NE,2865,3158,3562,4066,4621
Omaha-NE,3360,3662,4116,4419,4772
Santa-Barbara-CA,3684,4119,4313,5135,6153
Rockville-MD,3440,3984,4232,4628,4976
Philadelphia-PA,3345,3848,4200,4754,5310
Charleston-SC,3247,3699,3951,4303,4705
Bellevue-WA,4564,5013,5799,6736,7280
Tampa-FL,3007,3497,4227,4620,5406
Hillsboro-OR,3923,4361,4903,5307,6055
Reno-NV,3778,4003,4283,6736,6736
Palo-Alto-CA,4893,5667,6153,7174,7706
Las-Vegas-NV,2943,3834,4620,5125,5574
Santa-Rosa-CA,0,4361,4893,6153,0
Dayton-OH,3401,3658,4018,4377,4942
Richmond-VA,3649,4008,4316,4778,5035
Hartford-CT,3400,3607,3967,4225,5050
Arlington-VA,3854,4265,4675,5137,6250
Los-Angeles-CA,3487,4313,4942,5667,6642
Vienna-VA,4265,4470,4624,4829,5086
Troy-MI,3222,4064,4274,4590,5273
Washington-DC,3795,4149,4689,5277,5669
Detroit-MI,3326,3781,4135,4489,4894
Miami-FL,2814,3666,4227,4901,5630
Sioux-Falls-SD,3136,3385,3666,4003,4676
Aurora-CO,3976,4133,4290,4760,5022
Provo-UT,3293,3657,3969,4748,5268
Overland-Park-KS,3500,3813,4179,4336,4493
McLean-VA,3649,4162,4727,5291,5753
Malvern-PA,3216,3690,3954,4376,5167
Fort-Worth-TX,4003,4227,4508,4732,4957
Cedar-Rapids-IA,3367,3833,4194,4450,4861
Indianapolis-IN,3340,3653,3965,4433,5057
Baltimore-MD,3539,3885,4232,4727,5437
Lehi-UT,3449,3917,4385,4800,5372
Sunnyvale-CA,4700,5571,6153,6642,7174
Buffalo-NY,2606,2842,3391,4203,4761
Columbia-MD,3588,3984,4232,4677,5283
Herndon-VA,3751,4059,4367,4829,5086
King-of-Prussia-PA,3257,3954,4221,4436,4811
Boca-Raton-FL,3441,3890,4339,4901,5069
Sterling-VA,3597,3751,4316,4727,5240
Eden-Prairie-MN,3491,3792,4094,4446,5099
Charlotte-NC,3593,3798,4363,4671,5030
Auburn-Hills-MI,3380,3538,4222,4590,4853
St.-Louis-MO,3235,3788,4089,4441,4793
Madison-WI,3076,3436,4190,4542,5195
Chandler-AZ,4127,4653,5021,5231,5915
Boston-MA,4022,4489,4955,5474,5785
Alpharetta-GA,3419,3828,4083,4492,4748
St.-Paul-MN,3214,3879,4032,4492,4799
Burlington-MA,3866,4177,4644,4955,5319
Richardson-TX,4003,4171,4508,4901,5518
Cary-NC,2833,3182,4209,4774,5133
Nashville-TN,3722,4003,4508,4901,5181
Menlo-Park-CA,5522,5667,6153,6642,7706
Redwood-City-CA,4748,5232,6153,6642,7174
San-Diego-CA,3877,4216,4700,5280,5667
Kansas-City-KS,3500,3866,4232,4493,4755
Orlando-FL,3385,3834,4171,4676,5181
Oakland-CA,3974,4942,5667,6642,7174
Rochester-MN,4094,4245,4395,4848,5250
Ann-Arbor-MI,3801,4011,4274,4695,5168
Fort-Collins-CO,2837,3872,4290,4499,4812
Albuquerque-NM,3352,3612,4080,4809,5850
California-City-CA,3133,3636,4361,5522,6642
Colorado-Springs-CO,3401,3715,4028,4394,4708
Irvine-CA,3732,4168,4651,5280,6153
Seattle-WA,4395,5125,5967,6736,7280
Durham-NC,3798,4106,4414,4876,5287
San-Antonio-TX,3834,4059,4732,5181,5630
Melbourne-FL,3890,4171,4508,4844,5237
Huntsville-AL,3424,3795,4113,4431,4802
Austin-TX,3946,4395,4901,5406,5967
Phoenix-AZ,3332,3811,4232,4810,5389
Boulder-CO,3715,4185,4603,5231,5806
Boise-ID,3213,3712,4362,4812,5361
Grand-Rapids-MI,2931,3212,3931,4341,4649
Pleasanton-CA,4555,4748,5280,5667,6153
Kansas-City-MO,3683,3935,4136,4337,4538
Poughkeepsie-NY,4152,4355,4609,5066,5319
Pittsburgh-PA,3637,3954,4323,4850,5483
Santa-Clara-CA,4506,5329,5667,6153,7174
Tucson-AZ,3439,3811,4179,4442,4916
Salt-Lake-City-UT,3345,3865,4281,4748,5112
Germantown-MD,3786,4182,4380,4529,4925
Fort-Wayne-IN,2659,3195,3404,3875,4136
Santa-Monica-CA,3684,4313,5135,5571,6153
Rochester-NY,3290,3594,3949,4305,4609
Columbus-OH,3231,3640,3997,4457,4865
Raleigh-NC,3696,4004,4363,4928,5287
Eagan-MN,3742,3843,3993,4144,4395
Fairfax-VA,3700,4059,4367,4624,4881
Springfield-MO,2450,2932,3222,3529,4091
Chicago-IL,3713,4190,4614,5197,5780
Houston-TX,3385,3946,4395,5125,5686
Olathe-KS,4127,4336,4546,4702,4964
San-Francisco-CA,4651,5425,6153,6642,7174
Plano-TX,4003,4339,4957,5293,5742
New-Orleans-LA,1745,3330,4028,4554,4711
Birmingham-AL,2457,2998,4005,4422,4787
Cupertino-CA,5087,6153,6642,7174,7706
Cambridge-MA,4385,4852,5370,5785,6288
Fort-Lauderdale-FL,3666,3946,4732,5406,6079
Albany-NY,3137,3442,3746,4609,4812
San-Mateo-CA,4555,4990,5667,6153,7174
Milwaukee-WI,3285,3637,3989,4291,4693
Syracuse-NY,3340,3848,4102,4406,4558
Oklahoma-City-OK,3217,3579,3993,4304,5080
Louisville-KY,3129,3525,4118,4612,5423
Denver-CO,3663,3976,4342,4865,5649
Sacramento-CA,3684,4216,4458,4893,5425
Lenexa-KS,3709,3813,4075,4336,4702
Jacksonville-FL,3136,3834,4339,4620,5069
Manassas-VA,3803,4059,4419,4675,4829
Chattanooga-TN,0,3497,3946,4395,0
Norwalk-CT,4328,5101,5307,5514,5771
Portland-OR,3437,3729,4361,4903,5408
El-Segundo-CA,4216,4361,4603,5280,5522
Nashua-NH,3610,4508,4901,5855,6191
Dallas-TX,3610,4059,4452,4957,5574
New-York-NY,3643,4410,5107,5994,6476
